DRR002221_  	0.000000	0.018831	0.018829	0.018595	0.018835	0.018840	0.017354	0.017364	0.017439	0.017447	0.017141	0.016597	0.018254	0.017757	0.018678	0.017545	0.018567	0.018555	0.017973	0.017990	0.016546	0.016908	0.016888	0.017100	0.017094	0.016780	0.016778	0.017321	0.017006	0.016804	0.016826	0.016865	0.016831	0.015890	0.016440	0.016774	0.016662	0.016365	0.016359	0.016362	0.016362	0.016310	0.016312	0.016960	0.016962
Gin-f1      	0.018831	0.000000	0.000355	0.002305	0.003343	0.003358	0.004317	0.004333	0.004301	0.004297	0.004086	0.003642	0.004614	0.005237	0.005891	0.005013	0.006053	0.006043	0.005464	0.005480	0.004028	0.004403	0.004384	0.004594	0.004586	0.004294	0.004292	0.004830	0.004517	0.004307	0.004332	0.004375	0.004337	0.003412	0.003947	0.004235	0.004128	0.004025	0.004017	0.004022	0.004022	0.003963	0.003966	0.004662	0.004663
Gin-m1      	0.018829	0.000355	0.000000	0.002310	0.003342	0.003358	0.004315	0.004331	0.004297	0.004294	0.004083	0.003639	0.004611	0.005235	0.005887	0.005011	0.006050	0.006040	0.005461	0.005478	0.004025	0.004401	0.004381	0.004591	0.004584	0.004291	0.004289	0.004827	0.004514	0.004304	0.004330	0.004373	0.004334	0.003409	0.003945	0.004233	0.004125	0.004023	0.004015	0.004019	0.004019	0.003961	0.003963	0.004660	0.004660
Tng-f1      	0.018595	0.002305	0.002310	0.000000	0.003679	0.003693	0.004172	0.004188	0.004166	0.004145	0.003933	0.003479	0.004522	0.004558	0.005672	0.004628	0.005770	0.005760	0.005153	0.005163	0.003696	0.004050	0.004033	0.004232	0.004224	0.004000	0.003999	0.004491	0.004207	0.004003	0.004027	0.004063	0.004021	0.003145	0.003654	0.003942	0.003838	0.003767	0.003759	0.003764	0.003764	0.003704	0.003707	0.004404	0.004404
Izm-f3      	0.018835	0.003343	0.003342	0.003679	0.000000	0.001903	0.004361	0.004376	0.004268	0.004239	0.004084	0.003675	0.004325	0.005199	0.005683	0.004970	0.005990	0.005979	0.005431	0.005440	0.004024	0.004392	0.004374	0.004579	0.004572	0.004291	0.004290	0.004818	0.004508	0.004290	0.004316	0.004356	0.004322	0.003417	0.003939	0.004205	0.004106	0.004031	0.004023	0.004028	0.004028	0.003968	0.003971	0.004667	0.004667
Izm-m2      	0.018840	0.003358	0.003358	0.003693	0.001903	0.000000	0.004370	0.004385	0.004279	0.004248	0.004094	0.003685	0.004328	0.005206	0.005693	0.004976	0.005998	0.005986	0.005439	0.005447	0.004033	0.004400	0.004382	0.004588	0.004582	0.004300	0.004298	0.004827	0.004516	0.004300	0.004326	0.004364	0.004330	0.003427	0.003947	0.004213	0.004113	0.004041	0.004034	0.004038	0.004038	0.003978	0.003981	0.004677	0.004677
Nag-f1      	0.017354	0.004317	0.004315	0.004172	0.004361	0.004370	0.000000	0.000834	0.002101	0.002088	0.001634	0.001318	0.003339	0.003689	0.004591	0.003453	0.004591	0.004579	0.003936	0.003956	0.002398	0.002772	0.002753	0.002988	0.002981	0.002658	0.002656	0.003225	0.002888	0.002684	0.002712	0.002752	0.002709	0.001750	0.002308	0.002649	0.002525	0.002366	0.002357	0.002362	0.002362	0.002301	0.002304	0.003007	0.003006
Nag-m1      	0.017364	0.004333	0.004331	0.004188	0.004376	0.004385	0.000834	0.000000	0.002111	0.002097	0.001646	0.001330	0.003354	0.003700	0.004604	0.003466	0.004604	0.004591	0.003949	0.003968	0.002409	0.002782	0.002767	0.002997	0.002991	0.002670	0.002670	0.003236	0.002903	0.002695	0.002723	0.002760	0.002722	0.001762	0.002319	0.002660	0.002538	0.002377	0.002369	0.002373	0.002373	0.002313	0.002316	0.003018	0.003018
Hid-Dmy     	0.017439	0.004301	0.004297	0.004166	0.004268	0.004279	0.002101	0.002111	0.000000	0.001688	0.001767	0.001496	0.003318	0.003763	0.004374	0.003528	0.004619	0.004607	0.004009	0.004022	0.002503	0.002884	0.002864	0.003086	0.003080	0.002768	0.002767	0.003328	0.002999	0.002791	0.002817	0.002858	0.002818	0.001860	0.002418	0.002750	0.002628	0.002477	0.002469	0.002473	0.002473	0.002413	0.002416	0.003118	0.003117
Hid-Gsdf    	0.017447	0.004297	0.004294	0.004145	0.004239	0.004248	0.002088	0.002097	0.001688	0.000000	0.001717	0.001491	0.003235	0.003757	0.004370	0.003528	0.004611	0.004600	0.004005	0.004016	0.002510	0.002890	0.002870	0.003091	0.003084	0.002773	0.002772	0.003331	0.003003	0.002794	0.002819	0.002859	0.002820	0.001868	0.002421	0.002750	0.002632	0.002484	0.002476	0.002480	0.002480	0.002421	0.002423	0.003124	0.003124
Skm-M1      	0.017141	0.004086	0.004083	0.003933	0.004084	0.004094	0.001634	0.001646	0.001767	0.001717	0.000000	0.000944	0.003079	0.003467	0.004266	0.003233	0.004351	0.004339	0.003720	0.003732	0.002189	0.002577	0.002555	0.002780	0.002774	0.002454	0.002452	0.003020	0.002685	0.002478	0.002504	0.002551	0.002509	0.001532	0.002100	0.002438	0.002317	0.002147	0.002138	0.002143	0.002143	0.002083	0.002085	0.002788	0.002787
Skm-M2      	0.016597	0.003642	0.003639	0.003479	0.003675	0.003685	0.001318	0.001330	0.001496	0.001491	0.000944	0.000000	0.002790	0.002915	0.003820	0.002684	0.003826	0.003815	0.003167	0.003184	0.001607	0.002001	0.001980	0.002209	0.002202	0.001872	0.001870	0.002448	0.002108	0.001903	0.001929	0.001976	0.001934	0.000937	0.001518	0.001866	0.001742	0.001555	0.001546	0.001550	0.001551	0.001490	0.001492	0.002197	0.002197
Onj-M1      	0.018254	0.004614	0.004611	0.004522	0.004325	0.004328	0.003339	0.003354	0.003318	0.003235	0.003079	0.002790	0.000000	0.004550	0.004864	0.004311	0.005328	0.005319	0.004789	0.004792	0.003383	0.003751	0.003730	0.003937	0.003930	0.003651	0.003650	0.004180	0.003868	0.003655	0.003678	0.003716	0.003682	0.002770	0.003294	0.003586	0.003479	0.003387	0.003378	0.003383	0.003383	0.003324	0.003326	0.004024	0.004024
Miy-um1     	0.017757	0.005237	0.005235	0.004558	0.005199	0.005206	0.003689	0.003700	0.003763	0.003757	0.003467	0.002915	0.004550	0.000000	0.004940	0.003337	0.004810	0.004797	0.004106	0.004114	0.002522	0.002820	0.002815	0.002963	0.002954	0.002968	0.002970	0.003302	0.003146	0.002948	0.002976	0.002989	0.002951	0.002193	0.002621	0.002952	0.002838	0.002840	0.002832	0.002836	0.002836	0.002777	0.002781	0.003481	0.003480
oit-m1      	0.018678	0.005891	0.005887	0.005672	0.005683	0.005693	0.004591	0.004604	0.004374	0.004370	0.004266	0.003820	0.004864	0.004940	0.000000	0.004707	0.005486	0.005476	0.005144	0.005151	0.003860	0.004224	0.004207	0.004400	0.004394	0.004128	0.004128	0.004636	0.004340	0.004148	0.004172	0.004207	0.004173	0.003287	0.003797	0.004103	0.003990	0.003913	0.003905	0.003910	0.003909	0.003851	0.003854	0.004550	0.004551
tsm-m1      	0.017545	0.005013	0.005011	0.004628	0.004970	0.004976	0.003453	0.003466	0.003528	0.003528	0.003233	0.002684	0.004311	0.003337	0.004707	0.000000	0.004626	0.004616	0.003872	0.003884	0.002229	0.002500	0.002483	0.002670	0.002663	0.002704	0.002704	0.003063	0.002876	0.002663	0.002688	0.002702	0.002659	0.001947	0.002336	0.002674	0.002560	0.002599	0.002592	0.002597	0.002596	0.002537	0.002540	0.003240	0.003240
nss-f11     	0.018567	0.006053	0.006050	0.005770	0.005990	0.005998	0.004591	0.004604	0.004619	0.004611	0.004351	0.003826	0.005328	0.004810	0.005486	0.004626	0.000000	0.002150	0.005044	0.005074	0.003753	0.004106	0.004087	0.004278	0.004271	0.004025	0.004024	0.004518	0.004196	0.004029	0.004046	0.004066	0.004036	0.003196	0.003681	0.003986	0.003882	0.003817	0.003811	0.003817	0.003816	0.003759	0.003762	0.004456	0.004456
nss-m11     	0.018555	0.006043	0.006040	0.005760	0.005979	0.005986	0.004579	0.004591	0.004607	0.004600	0.004339	0.003815	0.005319	0.004797	0.005476	0.004616	0.002150	0.000000	0.005032	0.005064	0.003742	0.004095	0.004077	0.004266	0.004260	0.004014	0.004012	0.004506	0.004185	0.004018	0.004036	0.004054	0.004025	0.003185	0.003671	0.003975	0.003870	0.003806	0.003801	0.003806	0.003805	0.003747	0.003751	0.004444	0.004445
myk-f1      	0.017973	0.005464	0.005461	0.005153	0.005431	0.005439	0.003936	0.003949	0.004009	0.004005	0.003720	0.003167	0.004789	0.004106	0.005144	0.003872	0.005044	0.005032	0.000000	0.001779	0.002930	0.003231	0.003198	0.003341	0.003366	0.003176	0.003177	0.003678	0.003382	0.003184	0.003209	0.003243	0.003197	0.002455	0.002868	0.003190	0.003073	0.003100	0.003092	0.003097	0.003097	0.003037	0.003039	0.003736	0.003736
myk-m2      	0.017990	0.005480	0.005478	0.005163	0.005440	0.005447	0.003956	0.003968	0.004022	0.004016	0.003732	0.003184	0.004792	0.004114	0.005151	0.003884	0.005074	0.005064	0.001779	0.000000	0.002955	0.003262	0.003220	0.003373	0.003391	0.003200	0.003199	0.003698	0.003393	0.003207	0.003233	0.003259	0.003220	0.002475	0.002889	0.003208	0.003098	0.003122	0.003114	0.003119	0.003119	0.003059	0.003061	0.003761	0.003761
Omn-um1     	0.016546	0.004028	0.004025	0.003696	0.004024	0.004033	0.002398	0.002409	0.002503	0.002510	0.002189	0.001607	0.003383	0.002522	0.003860	0.002229	0.003753	0.003742	0.002930	0.002955	0.000000	0.001081	0.001121	0.001397	0.001384	0.001690	0.001689	0.002008	0.001876	0.001650	0.001677	0.001685	0.001644	0.000825	0.001279	0.001650	0.001524	0.001487	0.001479	0.001483	0.001483	0.001422	0.001425	0.002131	0.002131
eky-f1      	0.016908	0.004403	0.004401	0.004050	0.004392	0.004400	0.002772	0.002782	0.002884	0.002890	0.002577	0.002001	0.003751	0.002820	0.004224	0.002500	0.004106	0.004095	0.003231	0.003262	0.001081	0.000000	0.001291	0.001635	0.001623	0.002029	0.002027	0.002304	0.002188	0.001963	0.001988	0.001985	0.001941	0.001219	0.001603	0.001978	0.001858	0.001881	0.001874	0.001878	0.001878	0.001817	0.001820	0.002523	0.002523
eky-m1      	0.016888	0.004384	0.004381	0.004033	0.004374	0.004382	0.002753	0.002767	0.002864	0.002870	0.002555	0.001980	0.003730	0.002815	0.004207	0.002483	0.004087	0.004077	0.003198	0.003220	0.001121	0.001291	0.000000	0.001673	0.001660	0.001982	0.001981	0.002282	0.002139	0.001916	0.001945	0.001942	0.001894	0.001194	0.001559	0.001937	0.001823	0.001854	0.001846	0.001851	0.001850	0.001789	0.001792	0.002494	0.002493
ehm-f1      	0.017100	0.004594	0.004591	0.004232	0.004579	0.004588	0.002988	0.002997	0.003086	0.003091	0.002780	0.002209	0.003937	0.002963	0.004400	0.002670	0.004278	0.004266	0.003341	0.003373	0.001397	0.001635	0.001673	0.000000	0.000988	0.002257	0.002258	0.002506	0.002424	0.002195	0.002220	0.002215	0.002177	0.001441	0.001839	0.002205	0.002090	0.002098	0.002091	0.002095	0.002095	0.002034	0.002038	0.002740	0.002740
ehm-m1      	0.017094	0.004586	0.004584	0.004224	0.004572	0.004582	0.002981	0.002991	0.003080	0.003084	0.002774	0.002202	0.003930	0.002954	0.004394	0.002663	0.004271	0.004260	0.003366	0.003391	0.001384	0.001623	0.001660	0.000988	0.000000	0.002254	0.002255	0.002496	0.002420	0.002192	0.002217	0.002212	0.002176	0.001434	0.001837	0.002201	0.002086	0.002092	0.002084	0.002089	0.002088	0.002028	0.002032	0.002734	0.002734
iso-f1      	0.016780	0.004294	0.004291	0.004000	0.004291	0.004300	0.002658	0.002670	0.002768	0.002773	0.002454	0.001872	0.003651	0.002968	0.004128	0.002704	0.004025	0.004014	0.003176	0.003200	0.001690	0.002029	0.001982	0.002257	0.002254	0.000000	0.000730	0.002337	0.001646	0.001378	0.001403	0.001521	0.001482	0.001028	0.001312	0.001446	0.001349	0.001710	0.001701	0.001706	0.001705	0.001645	0.001648	0.002353	0.002353
iso-m1      	0.016778	0.004292	0.004289	0.003999	0.004290	0.004298	0.002656	0.002670	0.002767	0.002772	0.002452	0.001870	0.003650	0.002970	0.004128	0.002704	0.004024	0.004012	0.003177	0.003199	0.001689	0.002027	0.001981	0.002258	0.002255	0.000730	0.000000	0.002341	0.001644	0.001382	0.001405	0.001522	0.001486	0.001026	0.001311	0.001446	0.001347	0.001708	0.001700	0.001704	0.001704	0.001643	0.001646	0.002351	0.002351
nck-m1      	0.017321	0.004830	0.004827	0.004491	0.004818	0.004827	0.003225	0.003236	0.003328	0.003331	0.003020	0.002448	0.004180	0.003302	0.004636	0.003063	0.004518	0.004506	0.003678	0.003698	0.002008	0.002304	0.002282	0.002506	0.002496	0.002337	0.002341	0.000000	0.002529	0.002324	0.002349	0.002370	0.002326	0.001670	0.002046	0.002351	0.002233	0.002330	0.002322	0.002326	0.002326	0.002266	0.002269	0.002970	0.002970
hmg-m1      	0.017006	0.004517	0.004514	0.004207	0.004508	0.004516	0.002888	0.002903	0.002999	0.003003	0.002685	0.002108	0.003868	0.003146	0.004340	0.002876	0.004196	0.004185	0.003382	0.003393	0.001876	0.002188	0.002139	0.002424	0.002420	0.001646	0.001644	0.002529	0.000000	0.001771	0.001795	0.001886	0.001838	0.001283	0.001610	0.001815	0.001705	0.001959	0.001951	0.001955	0.001954	0.001894	0.001897	0.002601	0.002601
csg-m1      	0.016804	0.004307	0.004304	0.004003	0.004290	0.004300	0.002684	0.002695	0.002791	0.002794	0.002478	0.001903	0.003655	0.002948	0.004148	0.002663	0.004029	0.004018	0.003184	0.003207	0.001650	0.001963	0.001916	0.002195	0.002192	0.001378	0.001382	0.002324	0.001771	0.000000	0.001175	0.001495	0.001459	0.001071	0.001314	0.001475	0.001382	0.001749	0.001741	0.001746	0.001745	0.001684	0.001688	0.002391	0.002391
csg-m2      	0.016826	0.004332	0.004330	0.004027	0.004316	0.004326	0.002712	0.002723	0.002817	0.002819	0.002504	0.001929	0.003678	0.002976	0.004172	0.002688	0.004046	0.004036	0.003209	0.003233	0.001677	0.001988	0.001945	0.002220	0.002217	0.001403	0.001405	0.002349	0.001795	0.001175	0.000000	0.001511	0.001481	0.001100	0.001334	0.001501	0.001403	0.001778	0.001770	0.001774	0.001773	0.001714	0.001717	0.002419	0.002419
mry-um1     	0.016865	0.004375	0.004373	0.004063	0.004356	0.004364	0.002752	0.002760	0.002858	0.002859	0.002551	0.001976	0.003716	0.002989	0.004207	0.002702	0.004066	0.004054	0.003243	0.003259	0.001685	0.001985	0.001942	0.002215	0.002212	0.001521	0.001522	0.002370	0.001886	0.001495	0.001511	0.000000	0.001440	0.001152	0.001383	0.001578	0.001484	0.001828	0.001820	0.001825	0.001824	0.001763	0.001767	0.002470	0.002470
mry-um2     	0.016831	0.004337	0.004334	0.004021	0.004322	0.004330	0.002709	0.002722	0.002818	0.002820	0.002509	0.001934	0.003682	0.002951	0.004173	0.002659	0.004036	0.004025	0.003197	0.003220	0.001644	0.001941	0.001894	0.002177	0.002176	0.001482	0.001486	0.002326	0.001838	0.001459	0.001481	0.001440	0.000000	0.001107	0.001359	0.001543	0.001445	0.001785	0.001776	0.001782	0.001780	0.001721	0.001724	0.002427	0.002427
ykk-m1      	0.015890	0.003412	0.003409	0.003145	0.003417	0.003427	0.001750	0.001762	0.001860	0.001868	0.001532	0.000937	0.002770	0.002193	0.003287	0.001947	0.003196	0.003185	0.002455	0.002475	0.000825	0.001219	0.001194	0.001441	0.001434	0.001028	0.001026	0.001670	0.001283	0.001071	0.001100	0.001152	0.001107	0.000000	0.000644	0.001049	0.000925	0.000723	0.000714	0.000718	0.000719	0.000657	0.000659	0.001369	0.001369
ykk-um1     	0.016440	0.003947	0.003945	0.003654	0.003939	0.003947	0.002308	0.002319	0.002418	0.002421	0.002100	0.001518	0.003294	0.002621	0.003797	0.002336	0.003681	0.003671	0.002868	0.002889	0.001279	0.001603	0.001559	0.001839	0.001837	0.001312	0.001311	0.002046	0.001610	0.001314	0.001334	0.001383	0.001359	0.000644	0.000000	0.001351	0.001248	0.001340	0.001331	0.001336	0.001335	0.001275	0.001278	0.001982	0.001982
Ich-f1      	0.016774	0.004235	0.004233	0.003942	0.004205	0.004213	0.002649	0.002660	0.002750	0.002750	0.002438	0.001866	0.003586	0.002952	0.004103	0.002674	0.003986	0.003975	0.003190	0.003208	0.001650	0.001978	0.001937	0.002205	0.002201	0.001446	0.001446	0.002351	0.001815	0.001475	0.001501	0.001578	0.001543	0.001049	0.001351	0.000000	0.001002	0.001697	0.001689	0.001693	0.001692	0.001633	0.001637	0.002343	0.002343
Ich-m1      	0.016662	0.004128	0.004125	0.003838	0.004106	0.004113	0.002525	0.002538	0.002628	0.002632	0.002317	0.001742	0.003479	0.002838	0.003990	0.002560	0.003882	0.003870	0.003073	0.003098	0.001524	0.001858	0.001823	0.002090	0.002086	0.001349	0.001347	0.002233	0.001705	0.001382	0.001403	0.001484	0.001445	0.000925	0.001248	0.001002	0.000000	0.001579	0.001570	0.001575	0.001575	0.001516	0.001518	0.002224	0.002225
ktg-f1      	0.016365	0.004025	0.004023	0.003767	0.004031	0.004041	0.002366	0.002377	0.002477	0.002484	0.002147	0.001555	0.003387	0.002840	0.003913	0.002599	0.003817	0.003806	0.003100	0.003122	0.001487	0.001881	0.001854	0.002098	0.002092	0.001710	0.001708	0.002330	0.001959	0.001749	0.001778	0.001828	0.001785	0.000723	0.001340	0.001697	0.001579	0.000000	0.000238	0.000445	0.000447	0.000609	0.000614	0.001390	0.001391
ktg-m1      	0.016359	0.004017	0.004015	0.003759	0.004023	0.004034	0.002357	0.002369	0.002469	0.002476	0.002138	0.001546	0.003378	0.002832	0.003905	0.002592	0.003811	0.003801	0.003092	0.003114	0.001479	0.001874	0.001846	0.002091	0.002084	0.001701	0.001700	0.002322	0.001951	0.001741	0.001770	0.001820	0.001776	0.000714	0.001331	0.001689	0.001570	0.000238	0.000000	0.000438	0.000436	0.000602	0.000604	0.001381	0.001380
kwb-f1      	0.016362	0.004022	0.004019	0.003764	0.004028	0.004038	0.002362	0.002373	0.002473	0.002480	0.002143	0.001550	0.003383	0.002836	0.003910	0.002597	0.003817	0.003806	0.003097	0.003119	0.001483	0.001878	0.001851	0.002095	0.002089	0.001706	0.001704	0.002326	0.001955	0.001746	0.001774	0.001825	0.001782	0.000718	0.001336	0.001693	0.001575	0.000445	0.000438	0.000000	0.000212	0.000610	0.000614	0.001390	0.001389
kwb-m1      	0.016362	0.004022	0.004019	0.003764	0.004028	0.004038	0.002362	0.002373	0.002473	0.002480	0.002143	0.001551	0.003383	0.002836	0.003909	0.002596	0.003816	0.003805	0.003097	0.003119	0.001483	0.001878	0.001850	0.002095	0.002088	0.001705	0.001704	0.002326	0.001954	0.001745	0.001773	0.001824	0.001780	0.000719	0.001335	0.001692	0.001575	0.000447	0.000436	0.000212	0.000000	0.000614	0.000618	0.001392	0.001390
Nig-f1      	0.016310	0.003963	0.003961	0.003704	0.003968	0.003978	0.002301	0.002313	0.002413	0.002421	0.002083	0.001490	0.003324	0.002777	0.003851	0.002537	0.003759	0.003747	0.003037	0.003059	0.001422	0.001817	0.001789	0.002034	0.002028	0.001645	0.001643	0.002266	0.001894	0.001684	0.001714	0.001763	0.001721	0.000657	0.001275	0.001633	0.001516	0.000609	0.000602	0.000610	0.000614	0.000000	0.000454	0.001349	0.001351
Nig-m1      	0.016312	0.003966	0.003963	0.003707	0.003971	0.003981	0.002304	0.002316	0.002416	0.002423	0.002085	0.001492	0.003326	0.002781	0.003854	0.002540	0.003762	0.003751	0.003039	0.003061	0.001425	0.001820	0.001792	0.002038	0.002032	0.001648	0.001646	0.002269	0.001897	0.001688	0.001717	0.001767	0.001724	0.000659	0.001278	0.001637	0.001518	0.000614	0.000604	0.000614	0.000618	0.000454	0.000000	0.001346	0.001347
Trg-f2      	0.016960	0.004662	0.004660	0.004404	0.004667	0.004677	0.003007	0.003018	0.003118	0.003124	0.002788	0.002197	0.004024	0.003481	0.004550	0.003240	0.004456	0.004444	0.003736	0.003761	0.002131	0.002523	0.002494	0.002740	0.002734	0.002353	0.002351	0.002970	0.002601	0.002391	0.002419	0.002470	0.002427	0.001369	0.001982	0.002343	0.002224	0.001390	0.001381	0.001390	0.001392	0.001349	0.001346	0.000000	0.001026
Trg-m1      	0.016962	0.004663	0.004660	0.004404	0.004667	0.004677	0.003006	0.003018	0.003117	0.003124	0.002787	0.002197	0.004024	0.003480	0.004551	0.003240	0.004456	0.004445	0.003736	0.003761	0.002131	0.002523	0.002493	0.002740	0.002734	0.002353	0.002351	0.002970	0.002601	0.002391	0.002419	0.002470	0.002427	0.001369	0.001982	0.002343	0.002225	0.001391	0.001380	0.001389	0.001390	0.001351	0.001347	0.001026	0.000000
