(
GCA_002234675.1_ASM223467v1_genomic.fna:0.49744,
GCA_002234715.1_ASM223471v1_genomic.fna:0.49744);
